MY_ACCOUNT_ID = 0.0.34318751
MY_PRIVATE_KEY = 302e020100300506032b657004220420eb26a1e8766f9f7c3d8f8c79ee41a91583688a70cf07a689d657aadb0e132648
KIM_ACCOUNT_ID = 0.0.34245535

TRASH_ACCOUNT_ID = 0.0.34366175
TRASH_PRIVATE_KEY = 302e020100300506032b657004220420541c9f75e9677e4e9c7415957483f8528af54722c4bea7c22b520eba19305cc7

USDC_FAUCET = 0.0.2276691

CLIENT1_ACCOUNT_ID=0.0.45925711
CLIENT1_PRIVATE_KEY=302e020100300506032b657004220420e3b0879d7cf7d2a4a4e162a07f4c53e9d4944a57d6da834182fd2ec1349ba48a
CLIENT1_PUBLIC_KEY=302a300506032b6570032100bfd2b9e0eae797a7ef786423b0211736fa688b67695debdefaa0a3ebc92a4479
CLIENT1_CONTRACT_ID=0.0.45925853

SUPPLIER1_ACCOUNT_ID=0.0.45925735
SUPPLIER1_PRIVATE_KEY=302e020100300506032b657004220420db8c8d05b89c372ccb7f6e8aedd214f1fafe8ff9e764ce14cedbf18bf59a3b7d
SUPPLIER1_PUBLIC_KEY=302a300506032b657003210083ef5cec8b4c1d9d5fe6146440fde99256df5d674134fb9b3938f17b9a9b1405

SUPPLIER2_ACCOUNT_ID=0.0.45925737
SUPPLIER2_PRIVATE_KEY=302e020100300506032b65700422042091bd4996c2837d80e9befed0fc004501d4046745231f4fa9e1571f47b761d790
SUPPLIER2_PUBLIC_KEY=302a300506032b657003210047d2545966dcf7a495c376af8570585377f57c26f5f1cbac82bce269bd157b29

SUPPLIER3_ACCOUNT_ID=0.0.45925754
SUPPLIER3_PRIVATE_KEY=302e020100300506032b65700422042083335c7f198f6736b488f8dd4518a22aff538c0d8ee4bb64dd7a07c8fe3065a1
SUPPLIER3_PUBLIC_KEY=302a300506032b65700321000c5b9a36f6870d7a2f340004c50f5b9c87eb9c30577a2f1c292b80216c7b5ad2


CLIENT2_ACCOUNT_ID=0.0.45932201
CLIENT2_PRIVATE_KEY=302e020100300506032b657004220420e48bb1daf0f78a81acc0b72fff3b469624ddcd272431e1a806161aa6bc5d45b0
CLIENT2_PUBLIC_KEY=302a300506032b6570032100be7413a7db868fa2d823518e39e6ff8d7534c8c600b94e79252f4d07a88b89a7

CLIENT2_CONTRACT_ID=0.0.45932209

CLIENT3_ACCOUNT_ID=0.0.45943532
CLIENT3_PRIVATE_KEY=302e020100300506032b65700422042044a41182c4fe9658f3483e34255ee0829f6de306fb0a08dc6d737a910f43536b
CLIENT3_PUBLIC_KEY=302a300506032b6570032100a67d18742f24b07cc537df69765458a82a4635ea74eb2c21536dd69d443208f3

MONGO_API_KEY=yl6lMiA0XXI9T4Uec2eOkQ7Pi3PBaxzVpSXfqyw5hZmTQ4HFcAdC8BALXWpd0rLG
MONGO_ADMIN_ID=kitakazenodb
MONGO_ADMIN_KEY=N5KNWBzZOncaOsBZ


PROVENDB_ADMIN_KEY=Girolles05*
PROVENDB_API_KEY=eyJhbGciOiJIUzI1NiIsInR5cCI6IkpXVCJ9.eyJhdWQiOiJhbmNob3IiLCJleHAiOjE4MTM5MTkwMjMsImp0aSI6ImFpNzJ6ajFidWMxZ3NwZGY4M2N3ejNybyIsInN1YiI6InVpN2plN3l0b2ZkZmZtNDdxdGZrcmRmZCIsInNjb3BlIjoiMzEiLCJyb2xlIjoiRnJlZSJ9.KW5TrHTNterZL-a5nmsBlro6qCyiH3NAX3Z3fRUxfIA


